5.497713186462962,3.2869048136282677
6.08554540482234,3.3252397820998723
6.303122503747828,3.6603077583335066
7.938093419922672,4.191121567421329
5.745416900311301,2.984881108001918
7.858613278629276,4.072109176289434
8.13855821044925,3.774581806424862
6.40800680183364,3.643997042418693
7.311032467419093,3.798259284430415
5.594814739830891,4.461992746211577
5.238109815135532,2.7950201403403225
8.405982134781414,3.320384782164119
8.35513593578135,3.6643706242820517
7.604877559816782,3.2810347943686806
5.923400663763429,3.476221451533102
5.580607141173909,3.617530275554511
5.949154577084522,3.8223785144688156
5.311848830744736,4.0116246568548375
4.4770372187721375,3.05618150815135
5.072442072445977,2.5072002514803176
6.401541301715743,3.8617377306931484
5.41920576802807,3.6074483630372614
4.415173290019794,2.388921536289363
6.084560797563924,3.2544430196644374
5.582435524515677,3.254065293055932
6.244910298714188,4.013640613815204
6.224716545446684,3.549461825450671
7.6544821548312525,3.7579374645159036
7.688647844965317,3.6666505522522805
5.107152489075952,3.3556571315374764
5.458250986022521,4.283353767330788
4.986390084936287,3.2637316938722374
7.605398542944576,3.2533815978596556
4.667706680482977,3.2852391464833826
5.829459940075077,3.5566003937157333
5.667867886181638,3.2453367172937897
6.349745616287943,4.411981690922075
8.377326418942125,3.4095805443360456
7.121500126005635,3.6723110528428946
6.357348137212418,4.140067384046295
8.456581688543459,3.039535211349567
5.79682169844224,2.6462414679109663
6.101988565265169,4.223773178758769
4.912215112826068,3.324765038906799
7.909022545954727,4.006723912293284
6.729654996413669,3.6883809485802903
7.353022953446356,3.269669418007482
4.993247315373599,2.3240560551218667
6.32225337143986,4.391300037984043
7.191910430245512,3.3769251045419364
8.39942812827843,3.550451939965426
5.200720289826385,3.308612114768235
6.227758273341894,3.8485227280630716
5.390259355901802,4.0242884027000585
5.916099681026223,3.3999629900603106
5.076793644543067,3.294674322752073
5.085134463398729,2.736377019094415
6.529614985410334,3.6156776293639723
8.005765454955684,3.4219194229901784
6.021682647161242,3.3255768713495697
7.8888654183724185,3.3036715881736156
5.602997074363671,2.7002768885525232
4.951496813209761,3.2801010384442097
6.264370542551717,4.7587500516512575
6.772011727809572,3.89361937449996
4.789635288105119,2.818533931273384
5.816094827546785,3.5485559778050724
6.2152043504681735,4.005243279342272
5.107995391011143,2.4542193105528733
4.808681706217895,3.2048114925763
6.147498332586182,4.120413173757763
5.8263441539486065,4.407289350528211
5.218974602512272,2.6889522346693813
6.013665455132699,4.51828417723136
7.797413041624705,3.2639718443197427
5.782526541737908,4.660190115781214
6.434988707762015,4.643626526602754
5.953875650457144,4.1320910692342805
8.244395229481269,4.057827717004663
4.768532996895946,2.7051544230458693
8.08501642146979,3.5848875974801366
7.047298651117277,3.5477576748514155
6.594453041911584,4.457464612949725
5.739492691844791,2.8575114468633096
6.195690500982401,3.769499889271471
5.900666351887503,4.071479465396388
7.999378613236337,3.117281318726792
6.260697383582004,4.643138106476094
5.384692535376031,4.052766953544175
5.847081758082359,3.782246795179081
8.210881012419009,3.7006493189018
8.291186680948947,3.839724914230669
6.480735897916725,4.455235413092319
6.165669774569535,3.7042817163572797
6.261837586490355,3.7621938947514826
5.241652838063392,2.9093434146749044
5.762975593797215,4.456182113724089
7.49487454421695,3.906385010017872
5.550948794213344,2.618698159564122
6.155409704853045,4.253041078867778
5.561425512717293,2.488930061466214
7.592176661101755,3.674781882626076
8.320595452425131,3.7244073888299054
4.987956987955009,2.4440809361449785
5.75202537409061,3.4647657582979665
5.474976954620596,3.785350780353116
6.654094454725239,4.149077153083575
6.362208389972897,3.9943833680337315
5.0576384366159255,2.9777416270750274
5.348405337273802,3.9964818666882302
6.4656180691186025,4.154729591160402
7.767469283581603,2.755570711967492
8.24901504846549,3.622422412371506
6.14136783587644,4.418912582596921
6.39135610794651,4.711877741148932
8.219908960571463,3.4713663791758007
5.276256907220149,2.4311351032548796
8.082897247254683,3.1927639869776248
6.469271828351795,3.7761461353338097
7.02682530835499,3.2642555466228695
5.303014220550898,3.373920453671361
7.419939735294029,3.6702159735000186
5.028302223749295,2.5270593009398725
7.483517148117437,3.9080263021960535
7.442473773289656,3.0807516099528445
7.733907768245428,3.5999268949745287
4.776420618565625,2.9828514599708837
6.37513382407321,4.651270924260442
8.08550424043954,3.1372403056556304
4.998559831655406,3.600271560324607
6.448348445957025,3.6850064670755733
5.963625698844834,4.738526764280398
5.2726506175674634,2.0395400324010184
7.372677784029526,3.229903210200261
4.6314080345422575,2.74330727153229
7.845762687495022,2.994014983303961
4.5359495852512115,2.7012090131679676
8.244523197591596,3.973423619047272
7.336840907270781,3.5228775215194252
6.26211293845919,3.6189159117020906
5.195196544878648,3.1697409652175916
6.114232620493124,3.8318848339390144
5.650608302090245,4.705792581577153
5.681933041366873,2.8437917352413744
5.3334625146338785,3.934603506337205
6.157762503781478,3.2977542507475093
8.085153590034516,3.7525090467589046
7.841654722167285,4.151121303678265
6.511750160353904,4.247528659463859
8.152752437695261,4.1725851701562995
8.578008727588674,3.352174972954375
4.954692909913655,2.6158875388990466
5.239099079425306,4.117150867454841
5.688843683243003,4.318754453798844
8.407477273003432,3.495642661557394
5.4351226649949655,4.40016757198601
7.9427856790430775,2.8181360428793703
8.07928093869872,3.515472427304362
6.025450681936175,4.6032037068352825
6.500133133652452,3.4602693070294794
7.444207678733046,4.136717162830219
7.912029034702737,4.167871056088833
8.364019781090954,2.9899361878687003
6.089979266233678,4.052034021131258
6.508194212170867,4.565378858349876
4.550285312548912,2.383499148413132
6.293598629686995,4.4262580656586135
5.423732758866672,3.4055912609164554
6.383991939277893,4.514281880491284
6.0891399495508765,4.0572571974054865
5.333549482787463,2.146231887994596
5.792229829532984,3.7414766266755595
4.8957805761130455,2.883648228297077
5.3015385345196036,3.554015688721676
7.236302811183387,3.019599584749992
4.739002937151488,3.5453243091847084
6.054726368827536,3.2016164387340966
8.082902009629848,3.0594309178165924
5.114204561148709,2.0038550062412104
8.482660736925238,3.7358804189917
7.303303178635272,3.3143373769305233
5.475634097309957,2.3871880340020026
8.141341889602487,2.7934030910583045
7.942897986708952,4.157892084251166
5.6085031194389,2.976714514430939
8.278524752546556,3.5995301094714045
5.205361546522841,2.2436873598309997
7.441830635949335,3.0764458171323947
4.862981597016345,2.549111317139777
6.449001327566445,4.521917811329411
5.4298579661214825,2.1214409195514956
4.369858960624633,2.7449803982665255
5.737999072506698,4.048023508130801
5.317683855486486,4.098085226511573
5.739943712355134,4.516171561321915
5.143440613123822,2.257442180689868
5.062058198710549,2.7650453023610826
7.153491109872343,3.025340082059592
4.466341716924979,2.677947969285431
5.4338931351700435,4.542188625196658
6.429249571259355,4.351192107842558
5.681513590705,3.0548903369802676
7.518055176087032,4.016672200970728
5.4049271232659954,3.5782501721637896
6.396230830113291,3.8432505958219703
5.226265273374274,2.720299350440094
5.437594613321138,3.3928792490288564
7.146611246382868,3.2702050570672614
6.055029163360387,4.532806710937583
4.679757277705834,3.2629898647554674
4.8866028439967115,3.5027168250085903
4.581823704213891,3.413248685957748
6.310624820335284,4.309215465112513
6.5524260263961995,4.013815031256316
5.511730586339004,3.179068475334642
5.518860601509932,4.418120391512879
6.08042864417089,4.268123326680175
5.5467302692473925,4.055284969773879
5.022105138798292,3.201895093284211
7.096968154276118,3.404148894988757
5.701839653604664,4.12929622136751
6.29457617422321,4.273705333359079
5.457567049009603,3.0400556258109614
5.468474689016316,4.613054019682966
8.206150763406013,3.018236294429877
7.960327601936173,4.2831397942461855
7.192793329579311,3.7104993560854886
4.998673037409586,3.5534166665858398
5.291419910611687,2.694008793506975
4.6425612753841925,2.0764587563494223
4.954991647426896,2.83385568673051
6.6644038953850195,4.226779584545972
6.07324459574084,3.70471754722547
5.445931990938124,3.456270048820528
5.334179923580332,4.2188509480175
7.8804388857378695,3.3035462938803457
4.4855280422177595,2.7182295558343883
8.224164257212188,2.8218098739907505
5.699640080289311,2.451244019421358
8.185126485808897,3.272820154051869
5.2294321875831065,2.8210942874944474
5.36008366159637,3.780080112063411
4.60491224176916,3.435014400886835
7.512132208549682,3.9964047999852133
7.920827795475721,3.9006549308143397
5.118743012879071,2.7211684527508497
4.830814122678701,3.1418972209723752
4.728028709362116,3.470280136009695
7.9126966519647945,3.753674212778944
8.31811428213133,3.504968576980988
6.143092003991866,3.4485562800968443
5.402475125024522,4.463722384493303
5.489389957243535,3.816122654395813
6.484295108387292,3.573449972137973
4.56749792074557,3.3542289736220585
5.679247270154653,4.695937636385333
4.573335739988831,3.3234001263502475
5.617912911049777,4.180594087761142
7.353433329964689,3.849244944451716
8.367443983366542,3.481477891722346
5.892501000405069,3.653822476512569
5.792850410353577,2.6323634789294488
6.008173258571419,4.363160659840828
5.7223556239622795,3.502654834077485
4.322211110799753,2.9783527811798214
5.807292103070888,2.8490660828602987
5.14942269656585,2.0775838162079676
7.716235299098427,3.009907569467024
6.590973342960819,4.14860433690201
6.258257655750531,3.7558799645317755
4.585159832958748,2.2614724314223125
5.597662069391469,3.7204730776745016
7.828908934292201,3.29502361637577
5.178903882987448,2.2768534254587394
6.623264328932294,4.336178247744108
6.254453625676168,3.59894699921134
7.899252883165669,4.079120987168187
6.485424734022381,3.5560483148996083
5.274401715884019,2.8417358731301214
8.027541709852848,3.064109022685482
5.519455361339239,3.671530585727587
4.8073180804433004,3.2788633804166087
7.419651978900112,3.890571180316901
6.394171633115172,4.2180300251269225
7.932285580180263,3.9601844160120954
5.608410373454249,3.509482501779747
7.260222008847703,3.3126883394464963
8.42917855118258,3.642180775098021
5.443612347603165,2.3347349390409944
5.918126631177236,3.3955600135900843
4.9772647982542155,3.1422954803462257
4.725962261525644,2.424424404748655
4.599040481460685,2.892567850054185
5.7501981939345646,4.3815821516502655
5.6291546538025905,2.797160908306401
8.189160128833837,3.741017943208348
8.203598227258578,3.331335306486004
5.9820575643776825,3.223092026960826
7.682908352970833,3.88396644399384
4.917235391363275,2.774688798553914
